ein1: 0.06555998467147134
etest1: 17.234948071669677
eall1: 0.969211989250324
ein2: 0.0023505826842507857
etest2: 0.7863069740954753
eall2: 0.0436114453901047
