ein1: 2.877109095731766
etest1: 17.780017726825644
eall1: 3.661472707894602
ein2: 0.022312125611937104
etest2: 0.1427845999628359
eall2: 0.028652782156721256
