ein1: 0.10292206860151093
etest1: 1.7040583255715933
eall1: 0.18719239791572578
ein2: 0.0004734273213922369
etest2: 0.007919191076541952
eall2: 0.0008653096242948535
