ein1: 7.556147807599803
etest1: 18.198830268468637
eall1: 8.116288989750796
ein2: 0.21183209189329064
etest2: 0.7698913594056621
eall2: 0.24120363228867853
