ein1: 0.8274640209479635
etest1: 1.8341923085066398
eall1: 0.8804497202931569
ein2: 0.003804441429833355
etest2: 0.008510224741840005
eall2: 0.004052114235728442
