ein1: 12.422037274651826
etest1: 19.1998351717827
eall1: 12.778763479763978
ein2: 0.1000544920253466
etest2: 0.15510461338868545
eall2: 0.10295186683394338
