ein1: 10.306721674523521
etest1: 19.763673125355556
eall1: 10.758614359259337
ein2: 0.08213644019757597
etest2: 0.1594209396655181
eall2: 0.08623693524092334
