ein1: 3.384298707358283
etest1: 17.752471094481518
eall1: 4.140518306680558
ein2: 0.10460017413569625
etest2: 0.7651652612280987
eall2: 0.13936675766687534
