ein1: 0.40076021029788916
etest1: 1.7661353409755436
eall1: 0.4726220592809236
ein2: 0.0018396033443577645
etest2: 0.008210170979896585
eall2: 0.0021748963778071757
