ein1: 12.623506378611108
etest1: 20.763495979032932
eall1: 13.051926883896465
ein2: 0.10295408099627835
etest2: 0.17386525731490698
eall2: 0.10668624817094303
