ein1: 5.37057919112407
etest1: 19.746710195619215
eall1: 6.127217665044865
ein2: 0.1590045857359237
etest2: 0.9339441724449101
eall2: 0.19979087977323878
